[gd_scene load_steps=3 format=3 uid="uid://p8hu1d662mb3"]

[ext_resource type="PackedScene" uid="uid://dddw3enkhdlc5" path="res://Player/Plane examples/propeller plane small/model/model.fbx" id="1_wobh6"]
[ext_resource type="Script" uid="uid://b3jksv2hjrpmt" path="res://Physics/Wings/Flap.cs" id="2_hwk5y"]

[node name="Plane" instance=ExtResource("1_wobh6")]

[node name="Avion_CTRL" parent="." index="0"]
transform = Transform3D(1, 0, 0, 0, 0.991833, 0.127543, 0, -0.127543, 0.991833, 0, 0.195164, -0.0586424)

[node name="Cabina_CTRL" parent="Avion_CTRL" index="5"]
transform = Transform3D(1, 0, 0, 0, 1, 0, 0, 0, 1, 0, 1.72397, 0.0727417)

[node name="Loc_Piston_Rueda_Izq_1" parent="Avion_CTRL/Locators" index="4"]
transform = Transform3D(3.07844, 0, 0, 0, 3.07844, 0, 0, 0, 3.07844, 0.397496, -0.0615451, 1.90703)

[node name="Loc_Piston_Soporte_Rueda_Izq_1" parent="Avion_CTRL/Locators" index="5"]
transform = Transform3D(3.07844, 0, 0, 0, 3.07844, 0, 0, 0, 3.07844, 0.00496953, 0.396749, 1.90703)

[node name="Loc_Piston_Rueda_Izq_2" parent="Avion_CTRL/Locators" index="6"]
transform = Transform3D(3.07844, 0, 0, 0, 3.07844, 0, 0, 0, 3.07844, 0.397496, -0.0615451, 1.80649)

[node name="Loc_Piston_Soporte_Rueda_Izq_2" parent="Avion_CTRL/Locators" index="7"]
transform = Transform3D(3.07844, 0, 0, 0, 3.07844, 0, 0, 0, 3.07844, 0.00496953, 0.396749, 1.80649)

[node name="locator8" parent="Avion_CTRL/Locators" index="8"]
transform = Transform3D(3.94889, 3.94574e-15, -4.38415e-16, -3.94574e-15, 3.94889, 2.19032e-31, 4.38415e-16, 2.19032e-31, 3.94889, -0.416361, 0.0759844, 1.85206)

[node name="locator12" parent="Avion_CTRL/Locators" index="10"]
transform = Transform3D(3.94889, 3.94574e-15, -4.38415e-16, -3.94574e-15, 3.94889, 2.19032e-31, 4.38415e-16, 2.19032e-31, 3.94889, 0.400013, 0.0749002, 1.85206)

[node name="Skeleton3D" parent="Avion_CTRL/Joints" index="0"]
bones/0/position = Vector3(0.400013, 0.0749002, 1.8748)
bones/0/rotation = Quaternion(0.361681, 0.928817, -0.0274012, -0.0757251)
bones/1/rotation = Quaternion(0.169672, 0.982464, -0.0131551, 0.0761732)
bones/2/rotation = Quaternion(-0.0249261, 0.074761, -0.361881, 0.928887)
bones/4/rotation = Quaternion(-0.352562, 0.932761, -0.0249335, 0.0709566)
bones/6/position = Vector3(-0.416361, 0.0759844, 1.87691)
bones/6/rotation = Quaternion(-0.0279474, -0.0720955, 0.352331, 0.932676)
bones/8/rotation = Quaternion(-0.0228481, 0.0696286, 0.202708, 0.976493)
bones/10/position = Vector3(0.400013, 0.0749002, 1.8257)
bones/10/rotation = Quaternion(0.364076, 0.9286, -0.0123485, 0.0706977)
bones/11/rotation = Quaternion(0.172061, 0.985086, -2.02891e-15, -3.54383e-16)
bones/12/position = Vector3(-0.416361, 0.0759844, 1.82888)
bones/12/rotation = Quaternion(-0.0127386, 0.0719179, 0.354418, 0.932231)
bones/14/rotation = Quaternion(-0.00260062, -0.0624857, -0.379083, 0.923247)
bones/16/position = Vector3(0.397496, -0.0615451, 1.80649)
bones/16/rotation = Quaternion(0.399679, 0.916164, -0.00627751, 0.0293612)
bones/18/position = Vector3(0.00496953, 0.361736, 1.77247)
bones/18/rotation = Quaternion(-0.00777684, -0.028707, -0.399726, 0.916152)
bones/20/position = Vector3(0.00496953, 0.361736, 1.92528)
bones/20/rotation = Quaternion(0.00417734, 0.01542, -0.399936, 0.916404)
bones/22/position = Vector3(0.397496, -0.0615451, 1.90703)
bones/22/rotation = Quaternion(0.399922, 0.916407, 0.00337199, -0.0157715)
bones/24/rotation = Quaternion(-0.388079, 0.921197, -0.00607676, -0.0274644)
bones/26/position = Vector3(-0.418546, -0.0615451, 1.80641)
bones/26/rotation = Quaternion(-0.00607676, 0.0274644, 0.388079, 0.921197)
bones/28/rotation = Quaternion(-0.388257, 0.92139, 0.0038912, 0.0167774)
bones/30/position = Vector3(-0.418546, -0.0615451, 1.90544)
bones/30/rotation = Quaternion(0.00363499, -0.0168853, 0.388252, 0.921391)

[node name="ikHandle9" parent="Avion_CTRL/Ik" index="0"]
transform = Transform3D(-0.930818, 0.331389, -0.154139, 0.335397, 0.942077, -1.86265e-09, 0.145211, -0.0516978, -0.988049, -0.00025123, 0.447145, 1.94134)

[node name="ikHandle10" parent="Avion_CTRL/Ik" index="1"]
transform = Transform3D(0.942386, 0.302112, 0.143658, -0.305279, 0.952263, 1.86265e-09, -0.1368, -0.0438556, 0.989627, 0.400013, 0.0749002, 1.8748)

[node name="ikHandle11" parent="Avion_CTRL/Ik" index="2"]
transform = Transform3D(-0.942261, -0.302422, 0.143824, -0.305599, 0.95216, 0, -0.136944, -0.0439526, -0.989603, -0.416361, 0.0759844, 1.87691)

[node name="ikHandle8" parent="Avion_CTRL/Ik" index="4"]
transform = Transform3D(-0.94079, 0.33899, 8.74228e-08, 0.33899, 0.94079, -4.29316e-15, -8.22465e-08, 2.96355e-08, -1, -0.00026528, 0.447302, 1.74823)

[node name="ikHandle7" parent="Avion_CTRL/Ik" index="5"]
transform = Transform3D(0.952051, 0.30594, 0, -0.30594, 0.952051, 0, 0, 0, 1, 0.400013, 0.0749002, 1.8257)

[node name="ikHandle6" parent="Avion_CTRL/Ik" index="6"]
transform = Transform3D(1, 0, 0, 0, 1, 0, 0, 0, 1, -0.416361, 0.0759844, 1.82888)

[node name="Ik_Piston_Rueda_Izq_1" parent="Avion_CTRL/Ik" index="8"]
transform = Transform3D(-0.912573, 0.408915, 5.00759e-17, 0.408915, 0.912573, 1.11754e-16, -1.65436e-24, 1.22461e-16, -1, 0.00496953, 0.361736, 1.92528)

[node name="Ik_Piston_Soporte_Rueda_Izq_1" parent="Avion_CTRL/Ik" index="9"]
transform = Transform3D(0.863258, 0.504764, 0, -0.504764, 0.863258, 0, 0, 0, 1, 0.397496, -0.0615451, 1.90703)

[node name="Ik_Piston_Soporte_Rueda_Izq_2" parent="Avion_CTRL/Ik" index="10"]
transform = Transform3D(0.863258, 0.504764, 0, -0.504764, 0.863258, 0, 0, 0, 1, 0.397496, -0.0615451, 1.80649)

[node name="Ik_Piston_Rueda_Izq_2" parent="Avion_CTRL/Ik" index="11"]
transform = Transform3D(-0.912573, 0.408915, 5.00759e-17, 0.408915, 0.912573, 1.11754e-16, -1.65436e-24, 1.22461e-16, -1, 0.00496953, 0.361736, 1.77247)

[node name="Ik_Piston_Soporte_Rueda_Der_1" parent="Avion_CTRL/Ik" index="13"]
transform = Transform3D(-0.897907, -0.440185, 1.24712e-14, -0.440185, 0.897907, 6.11383e-15, -1.38892e-14, -2.11758e-22, -1, -0.418546, -0.0615451, 1.90544)

[node name="Ik_Piston_Soporte_Rueda_Der_2" parent="Avion_CTRL/Ik" index="14"]
transform = Transform3D(-0.906658, -0.421866, 1.25928e-14, -0.421866, 0.906658, 5.85939e-15, -1.38892e-14, 0, -1, -0.418546, -0.0615451, 1.80641)

[node name="Avion" parent="." index="1"]
transform = Transform3D(1, 0, 0, 0, 0.991833, 0.127543, 0, -0.127543, 0.991833, 0, 0.195164, -0.0586424)

[node name="GRP_Rueda_Der" parent="Avion/Tren_aterrizaje/Tren_de_aterrizaje" index="0"]
transform = Transform3D(1, 0, 0, 0, 1, 0, 0, 0, 1, 0.170501, 0.0228536, -0.0284847)

[node name="polySurface318" parent="Avion/Tren_aterrizaje/Tren_de_aterrizaje" index="2"]
transform = Transform3D(0.998445, -0.0557431, 0.000835032, 0.0557415, 0.998444, 0.00181991, -0.00093518, -0.00177053, 0.999998, -0.418867, -0.0592822, 1.90994)

[node name="polySurface323" parent="Avion/Tren_aterrizaje/polySurface317" index="0"]
transform = Transform3D(0.917405, 0.397898, 0.00668246, -0.397919, 0.917418, 0.00210463, -0.00529318, -0.00458988, 0.999975, 0.00480758, 0.361634, 1.91802)

[node name="polySurface324" parent="Avion/Tren_aterrizaje/polySurface317" index="1"]
transform = Transform3D(0.917549, 0.397429, -0.0124277, -0.397501, 0.917593, -0.00392014, 0.00984557, 0.00853693, 0.999915, 0.00470808, 0.361584, 1.78569)

[node name="polySurface263" parent="Avion/Tren_aterrizaje" index="2"]
transform = Transform3D(0.998446, -0.0557045, -0.00134825, 0.0557003, 0.998443, -0.00297423, 0.00151183, 0.00289452, 0.999995, -0.274657, 0.0894748, 1.79342)

[node name="polySurface320" parent="Avion/Tren_aterrizaje/polySurface319" index="0"]
transform = Transform3D(0.927644, -0.37332, 0.0104041, 0.37338, 0.927667, -0.00460369, -0.00793291, 0.00815528, 0.999935, -0.00497007, 0.362315, 1.77366)

[node name="polySurface327" parent="Avion/Tren_aterrizaje/polySurface319" index="1"]
transform = Transform3D(0.927538, -0.373676, -0.00636169, 0.373698, 0.927546, 0.00279897, 0.00485485, -0.00497351, 0.999976, -0.00519516, 0.36231, 1.92542)

[node name="polySurface265" parent="Avion/Tren_aterrizaje" index="4"]
transform = Transform3D(0.917555, 0.397405, -0.0127178, -0.397482, 0.9176, -0.00418955, 0.0100049, 0.00889924, 0.99991, 0.397462, -0.0615424, 1.80651)

[node name="pCylinder17" parent="Avion/Tren_aterrizaje" index="5"]
transform = Transform3D(0.915573, 0.399268, 0.048074, -0.400867, 0.915651, 0.0297997, -0.0321209, -0.0465551, 0.998399, 0.00998799, 0.442963, 1.93952)

[node name="pCylinder15" parent="Avion/Tren_aterrizaje" index="8"]
transform = Transform3D(0.998053, -0.0623751, -0.000109861, 0.0623733, 0.998008, 0.00943807, -0.000479058, -0.00942655, 0.999955, -0.010546, 0.44322, 1.93998)

[node name="pCylinder14" parent="Avion/Tren_aterrizaje" index="9"]
transform = Transform3D(0.997983, -0.062717, -0.00980498, 0.0626398, 0.998004, -0.00799328, 0.0102867, 0.00736298, 0.99992, -0.0104862, 0.44312, 1.75303)

[node name="polySurface328" parent="Avion/Tren_aterrizaje/Base_tren_aterrizaje/polySurface267" index="0"]
transform = Transform3D(0.925735, -0.377926, -0.0136532, 0.378063, 0.923995, 0.057453, -0.00909752, -0.058348, 0.998255, 0.172658, -0.0502506, -0.00252003)

[node name="polySurface329" parent="Avion/Tren_aterrizaje/Base_tren_aterrizaje/polySurface267" index="1"]
transform = Transform3D(0.92482, -0.380397, 0.00236444, 0.38023, 0.924187, -0.0360954, 0.0115454, 0.0342808, 0.999345, 0.142134, 0.126931, -0.0455247)

[node name="polySurface332" parent="Avion/Tren_aterrizaje/Base_tren_aterrizaje/polySurface270" index="0"]
transform = Transform3D(0.916834, 0.398619, 0.0227656, -0.399267, 0.915172, 0.0551898, 0.00116526, -0.0596894, 0.998216, -0.20621, -0.0323533, 0.000158751)

[node name="polySurface333" parent="Avion/Tren_aterrizaje/Base_tren_aterrizaje/polySurface270" index="1"]
transform = Transform3D(0.915714, 0.401822, -0.00270086, -0.401628, 0.915016, -0.0379587, -0.0127813, 0.0358441, 0.999276, -0.157831, 0.14422, -0.0478735)

[node name="Base_tren_aterrizaje1" parent="Avion/Tren_aterrizaje" index="11"]
transform = Transform3D(1, 0, 0, 0, 1, 0, 0, 0, 1, 0.000921876, 0.460437, 1.84325)

[node name="Aleron_Der" parent="Avion" index="2"]
script = ExtResource("2_hwk5y")

[node name="Aleron_Izq" parent="Avion" index="4"]
script = ExtResource("2_hwk5y")

[node name="Timon_Der" parent="Avion" index="5"]
script = ExtResource("2_hwk5y")

[node name="Timon_Izq" parent="Avion" index="6"]
script = ExtResource("2_hwk5y")
